3.316686213221064724e-04 3.321141689497337591e-04 3.316258095374115494e-04 9.983412661895842977e-01 3.316807098989901737e-04 3.316445007072991069e-04
1.054158812701241343e-01 5.388519224429985264e-04 5.388813659310084285e-04 8.059018264406455634e-01 8.706567686195330891e-02 5.388821389031594501e-04
3.209545476795219905e-04 3.209375413608690905e-04 3.209599404089680925e-04 9.983952469623446069e-01 3.209562328053784446e-04 3.209447754004107994e-04
1.014344812510642240e-03 1.014250668074703808e-03 1.014322694951113593e-03 9.949284098826598477e-01 1.014306458350247922e-03 1.014365483453524754e-03
2.253997961402536346e-02 4.533602011334560643e-04 4.534181138964681859e-04 9.756464438988041721e-01 4.534269308900269464e-04 4.533712412504929375e-04
6.731352118622388513e-04 6.729684007477065291e-04 6.730676747542727045e-04 9.966347120598538778e-01 6.731038442203301272e-04 6.730128085616843628e-04
6.868944738330759253e-04 6.868562326650175806e-04 7.475573866741243995e-03 9.897769261824620468e-01 6.868969874732861825e-04 6.868522568252834280e-04
6.686724738291278817e-04 6.685302830224639425e-04 6.686185497324083045e-04 9.966570162046579640e-01 6.685492262749737459e-04 6.686132624831572563e-04
1.836755026277902517e-04 1.836605151344312460e-04 1.836652114793578267e-04 9.990816813043299494e-01 1.836587656887764166e-04 1.836587007397886596e-04
1.736388849951941895e-03 1.736143775194296879e-03 1.736302962086032266e-03 9.913186109808236335e-01 1.736308658793699706e-03 1.736244773150404661e-03
6.821904394117924873e-04 6.821613403385056720e-04 6.822048683939966338e-04 9.965889851761828844e-01 6.821714931561341727e-04 6.822866825165129715e-04
1.148174265927063981e-01 1.650260845190413064e-03 1.650633377962111570e-03 8.785804437561843816e-01 1.650707520156729710e-03 1.650527907800109981e-03
4.338153405394159405e-04 4.336978825953576706e-04 4.337494378584465324e-04 9.978311423920128709e-01 4.337819470828839594e-04 4.338129999109592615e-04
4.794746334475282336e-04 4.794846505753679023e-04 4.794530382272414325e-04 9.976025643295364231e-01 4.794565689266489135e-04 4.795667792868074566e-04
5.933732809164462586e-04 5.933843246618130274e-04 5.932349596937131625e-04 9.970335404367395293e-01 5.932257769075113731e-04 5.932412210809763281e-04
7.216596671431052285e-04 7.216279042169096479e-04 1.232954678083156702e-01 8.738180438956241192e-01 7.215795094713521205e-04 7.216212152286821885e-04
2.518048451733036486e-01 1.068522050185869918e-03 1.068569306073387888e-03 7.439210296928446819e-01 1.068498555590879917e-03 1.068535222001500964e-03
2.080561440948391072e-01 3.283429351247584655e-04 4.569486226874769907e-01 3.340101157734658988e-01 3.284141766182688011e-04 3.283603324749937509e-04
7.848169018078746673e-01 2.447926000064619650e-04 2.447911580272990454e-04 1.497170619605347752e-01 6.473164652222102022e-02 2.448059513358459950e-04
1.500041054276051999e-01 7.375575832472643003e-04 7.376306960118089208e-04 8.470453835934916853e-01 7.376295269117272031e-04 7.376931727323381843e-04
3.564186827729936896e-04 3.564159362907817850e-04 3.564444089094921816e-04 9.982178620159453120e-01 3.564295450508876825e-04 3.564294110306538612e-04
5.118696759029965904e-01 1.501648674805545602e-03 1.501654462160020810e-03 3.371056496271963576e-01 1.465198000011068702e-01 1.501571331734587438e-03
7.164964531563371673e-04 7.163656122232824356e-04 7.164565565489686670e-04 9.964176749111892661e-01 7.164307092659271282e-04 7.165757576161344358e-04
5.799423716635176279e-02 9.296070465966200548e-04 2.029506577252247063e-02 9.189220969722354804e-01 9.295346722682375868e-04 9.294583700253373874e-04
4.617445561591660731e-04 4.617174838418677189e-04 4.617387531748039405e-04 9.976913023500769695e-01 4.617654839143151891e-04 4.617313728328611565e-04
3.395266914770329013e-04 3.395208130437197538e-04 4.545828396303499414e-02 9.531836049874489181e-01 3.395031421049707538e-04 3.395604028901613182e-04
5.303822603088945891e-04 5.303690012480435966e-04 5.303186923098469289e-04 9.973482982854107171e-01 5.303164912319710848e-04 5.303152694905260934e-04
3.867429723946407515e-04 3.867201736677609012e-04 3.867299389971722706e-04 9.980663265496335645e-01 3.867280136720694186e-04 3.867523516347691807e-04
3.759534609849278421e-03 3.759638525104400109e-03 3.759562974364106906e-03 9.812023093296056153e-01 3.759444794552357742e-03 3.759509766524155635e-03
2.627789263566911409e-04 2.627644195719835681e-04 2.627899629755661303e-04 9.986861283027546055e-01 2.627722045378574466e-04 2.627661838032527264e-04
3.514805010659431748e-04 3.514836524674282126e-04 7.649108139113217075e-02 9.221031390489964341e-01 3.514100799219324329e-04 3.514053264161230272e-04
8.963344117976569962e-04 8.961847597855459582e-04 8.962845146179403968e-04 9.955184825506577795e-01 8.962468733852215234e-04 8.964668897559052978e-04
8.963875860633474914e-04 8.960943072293897724e-04 8.962299178619821801e-04 9.955186627686183343e-01 8.963966758643206060e-04 8.962287443625424144e-04
5.388726240816946612e-04 5.390094511099735022e-04 5.388417565692305228e-04 9.973055676444338991e-01 5.388437649880902392e-04 5.388647588170791683e-04
5.795388632014995302e-04 5.794418969529599147e-04 1.759955243063653363e-01 8.216865666410330116e-01 5.794577228315691414e-04 5.794705696157082322e-04
6.119013629957156114e-02 4.575007682202219270e-04 4.575228758006262770e-04 9.369797886591060276e-01 4.575203979054592298e-04 4.575309993961772432e-04
3.781046271750260757e-01 6.222330652448926629e-05 1.101832032077240120e-01 4.958019858160778170e-01 1.578574601381808537e-02 6.221448082955405377e-05
9.434040582643942949e-03 9.433985561491328026e-03 9.434025297089455864e-03 7.650871915791540578e-01 1.971767629872304417e-01 9.433993992390775352e-03
8.495919197850473892e-02 4.355725222649686952e-04 4.356647526311816562e-04 8.717190705793851357e-01 4.356932840711755088e-04 4.201480688314283146e-02
5.192571834143986514e-04 5.192488314270410788e-04 5.192629212553214217e-04 9.974036986493095558e-01 5.192638626271557471e-04 5.192685519665004223e-04
6.775933590802072888e-04 6.775309340505859812e-04 6.775688376349666255e-04 9.966121027627172779e-01 6.776028630394457034e-04 6.776012434774548922e-04
8.729492159471092952e-04 8.728390951660713491e-04 8.727791262445774682e-04 9.956358672514298291e-01 8.727527490102375898e-04 8.728125622020835436e-04
6.685520212212162907e-04 6.684814426743787737e-04 1.111864412820983382e-02 9.862072521615599108e-01 6.685095250302889583e-04 6.685607213044284132e-04
1.128819486447594535e-03 1.128712320387571756e-03 1.128798202006729787e-03 9.943561363923215657e-01 1.128755941350827316e-03 1.128777657485677960e-03
1.939989608006216211e-04 1.940121542328644070e-04 1.846078011271749530e-01 8.146162050799832244e-01 1.939762246404898045e-04 1.940064531676372712e-04
3.139577404087261492e-01 7.375771073037106244e-04 8.558159253351456386e-02 2.938775824512874224e-01 3.051079336650626139e-01 7.375738341054029592e-04
6.151448593487273547e-04 6.151059626977538851e-04 6.152125936657296037e-04 9.969243320367174865e-01 6.151122192548240560e-04 6.150923283156006435e-04
3.907081499547307782e-03 3.906405489844003848e-03 3.160241922288121730e-01 6.683486709700356965e-01 3.907357695301691414e-03 3.906292116459078069e-03
8.493513405880113998e-02 4.726512571489776605e-04 4.727373761364840848e-04 9.131740642059662516e-01 4.727463395388675793e-04 4.726667624081642202e-04
2.101618616707326675e-03 1.128653992182339777e-01 2.101302001918959553e-03 6.664851692497814062e-01 2.143454926995696230e-01 2.101018213788822218e-03
6.964464497415385862e-04 6.964016951298113807e-04 6.964614903784032470e-04 9.965178653794867225e-01 6.964074286464407319e-04 6.964175566172724121e-04
5.510233798308131203e-02 1.623727999063734892e-03 1.623648416522606875e-03 9.384032639824200217e-01 1.623550458341206648e-03 1.623471160571104618e-03
5.932490206017609772e-04 5.931537796563010178e-04 5.931765063905147534e-04 9.970339191819873603e-01 5.932733393092746435e-04 5.932281720548486731e-04
5.862278992959054670e-04 5.861877147847449057e-04 5.862148672894520020e-04 9.970689232181296768e-01 5.862216699437277148e-04 5.862246305563918129e-04
4.514071232074748992e-04 4.513425202321383767e-04 4.513458015777166064e-04 9.977431797826051829e-01 4.513688969967855026e-04 4.513558753808861231e-04
3.683018456814120744e-04 3.682445010418301974e-04 1.035791144857343554e-01 8.324187502513287207e-01 6.289734541065572504e-02 3.682435055579699767e-04
2.743554962944864625e-04 2.742962162277858842e-04 2.743138922832904277e-04 9.986284075182002562e-01 2.743213178059609146e-04 2.743055591882432058e-04
6.057908109422943665e-02 5.645873225105998289e-02 1.014502603783837406e-03 8.799191249194366904e-01 1.014325470146939774e-03 1.014233661343121777e-03
3.882703909474271220e-04 3.882379679016663030e-04 3.882831236628444052e-04 9.980586566493578893e-01 3.882962273502233341e-04 3.882556407797928895e-04
2.728269447853060264e-04 2.728012063199857602e-04 2.728144441442263007e-04 9.986358913044274255e-01 2.728309363392951632e-04 2.728351639837623050e-04
4.682326878941265474e-04 4.681857320968386949e-04 4.682225124763427383e-04 9.976589325528046892e-01 4.682059202340914774e-04 4.682205944938426490e-04
5.377731063704517533e-03 5.376887081625669230e-03 1.330789817727614788e-01 8.454124942693380662e-01 5.377483266714054230e-03 5.376422545856246980e-03
6.158898044554658030e-02 2.868924123010907143e-02 5.036653145807605666e-04 9.082108339300695166e-01 5.035900936588950331e-04 5.036889860349991676e-04
7.375941078784011007e-02 7.375218293259895976e-04 7.376211227335174045e-04 9.232901709921206290e-01 7.376488243120552825e-04 7.376264436675677603e-04
7.838716160834043479e-04 7.837647653161026453e-04 7.837846297506953193e-04 9.960809921372723030e-01 7.838283317191437755e-04 7.837585198582152453e-04
3.669139842737344183e-04 1.993947730271532215e-02 3.669090961235225599e-04 9.785929247447204826e-01 3.668867802421448433e-04 3.668880919246598343e-04
4.157708681342175473e-04 4.157117843365642075e-04 4.157148201075376776e-04 9.979213896068268586e-01 4.156917439570922621e-04 4.157211766378402862e-04
4.667341515263023211e-01 2.463139600837006490e-03 2.463109197028015649e-03 5.234128544713295694e-01 2.463680761274936095e-03 2.463064443228197252e-03
1.182067376039672461e-03 1.182041105321314381e-03 1.182035296302477246e-03 9.678209306036113235e-02 7.601119186109448478e-01 1.395598445510304875e-01
6.039335628679229177e-04 6.039221104256653656e-04 6.039506770609471458e-04 9.969803681262168205e-01 6.039158208886260702e-04 6.039097025401308008e-04
9.853784631038596531e-02 2.490480793711488455e-04 2.490899211441133243e-04 9.004658188926482065e-01 2.491170781365774833e-04 2.490797183140514470e-04
5.477677785907629363e-04 5.477696646042387553e-04 5.478231959839041437e-04 9.972611886945023096e-01 5.477140801489840559e-04 5.477365861697899548e-04
5.630768620704468957e-02 7.599857722124040696e-04 7.600243942222174648e-04 9.406521968642056475e-01 7.600352560501727603e-04 7.600715062645965097e-04
1.141793797033799742e-03 1.141661171096303769e-03 1.141693176059891323e-03 9.942914431257239283e-01 1.141674612165984861e-03 1.141734117919987728e-03
5.696551084213238598e-04 5.695114783562172430e-04 5.695828932303222906e-04 9.637417177255073186e-01 3.397997798029563782e-02 5.695548141893511411e-04
3.551982185386090129e-04 3.551388085726871180e-04 3.815401448122738431e-02 9.604253046694660734e-01 3.551596131096676013e-04 3.551842090855245894e-04
5.248887739270589881e-04 5.246918548629827921e-04 5.247090796187388415e-04 9.973762892216475606e-01 5.247216151923412078e-04 5.246994547513446523e-04
2.309294289807790335e-01 5.274578535439958466e-04 5.275684604492724208e-04 6.447263409974398618e-01 1.227616883307655060e-01 5.275153770224326900e-04
7.838716160834043479e-04 7.837647653161026453e-04 7.837846297506953193e-04 9.960809921372723030e-01 7.838283317191437755e-04 7.837585198582152453e-04
5.323618143062145425e-01 7.216853979304280967e-04 1.234270648503204143e-01 3.420461704320932328e-01 7.217080584572408341e-04 7.215569549841349987e-04
1.396737624256491894e-01 6.227312834793418458e-04 6.228141216947023469e-04 7.735182520970158571e-01 8.493965045922470536e-02 6.227896129361958338e-04
1.035630870371606442e-03 1.035679835057455329e-03 1.035430554524495277e-03 9.948221974116934208e-01 1.035662125996587423e-03 1.035399202356411140e-03
1.272736688881405268e-03 1.272414882294363144e-03 1.272632526398727879e-03 9.936372264194199833e-01 1.272486944955352655e-03 1.272502538050070868e-03
4.337101602280425509e-04 4.336872995620361841e-04 4.337275471904461824e-04 9.978314482228329840e-01 4.337189449555688549e-04 4.337078252310560427e-04
3.836447914667599768e-02 2.781359543001258932e-04 8.688167558813154889e-02 8.144442576846036008e-01 2.781549382418699594e-04 5.975329668804695016e-02
5.061265476785278264e-04 5.061165466239218305e-04 7.207129437156770471e-03 9.907684008683068644e-01 5.061122422589563533e-04 5.061143579749009152e-04
3.377211862411454851e-02 5.507562920901362680e-04 2.176769296248239755e-02 9.428078355271996003e-01 5.507115964490981799e-04 5.508849976642394902e-04
3.696406955599383323e-04 3.695821235408360624e-04 3.696113394971561319e-04 9.981519601046492385e-01 3.695835058442016922e-04 3.696222309086465933e-04
2.490521051516828661e-04 2.490776560841686561e-04 1.890991362397876838e-02 9.800938837590577046e-01 2.490274060000040421e-04 2.490454497277373486e-04
1.628244928669390357e-01 1.624051052213404227e-03 4.769255486430183932e-01 3.553787539283820296e-01 1.623538655663498862e-03 1.623614853783606751e-03
6.553993176478743439e-04 6.553843756913396495e-04 6.554494474403893241e-04 9.967229838310518453e-01 6.553606566698816794e-04 6.554223714986400244e-04
4.705465117049380968e-04 4.705243085901730511e-04 1.273371695541237469e-01 8.707807383876684515e-01 4.705068529713147662e-04 4.705143849413838376e-04
3.682292325995906038e-04 3.681918477546895535e-04 3.682162647216071427e-04 6.950550763711698110e-01 3.034720937845998834e-01 3.681924991543329261e-04
4.912558504436295931e-04 4.912196433410915414e-04 4.912584343847106608e-04 9.975438401115127585e-01 4.912114536083535396e-04 4.912145067095237492e-04
3.823606406111049530e-04 3.823229961506286628e-04 7.282849790077966685e-03 9.911878177602595485e-01 3.823357676397798983e-04 3.823130452608760580e-04
2.541455647385720959e-04 2.540977189845621573e-04 2.541409310940675992e-04 9.987293768378062708e-01 2.541191835414991895e-04 2.541197638350554521e-04
5.477742897429461110e-04 5.476861245654429493e-04 5.478366560031233548e-04 9.972612172479792259e-01 5.477383991295976242e-04 5.477472825797661312e-04
6.354934403117283859e-01 1.182173626065309091e-03 1.182153667815706403e-03 1.182203612013257507e-03 3.265981247783836250e-01 3.436190400399383865e-02
2.480384515027165560e-01 4.726666201894177835e-04 4.726714982561667144e-04 7.500708551658543666e-01 4.726776252112275308e-04 4.726775877721620112e-04
9.654594069091825643e-04 9.652958776268713700e-04 9.653961692211560607e-04 9.951730819775219672e-01 9.653789283724853584e-04 9.653876403483758377e-04
2.051040877775411290e-04 2.051237713487869614e-04 2.051144652616518794e-04 9.989744678195869865e-01 2.050962340545091616e-04 2.050936219705014113e-04
3.514313395070614923e-04 3.514186025298205677e-04 3.514296840842715962e-04 9.982429231371158229e-01 3.513963985834812377e-04 3.514008381794448267e-04
1.800346071071527998e-01 1.668240482173159506e-04 1.668210765270166783e-04 7.798539569130532589e-01 3.961097095270110086e-02 1.668199023483234384e-04
3.470689488015402668e-01 2.016567316083081943e-03 2.016397727841269961e-03 6.448653027269196647e-01 2.016502293480936046e-03 2.016281134134886768e-03
4.534204743399521966e-04 4.533800364875753574e-04 4.533672789481866367e-04 9.977330996195032942e-01 4.533732843265246429e-04 4.533593063944738868e-04
6.469995177040375068e-04 6.469058283185359680e-04 6.469710611235739584e-04 9.967652916020696141e-01 6.469255918035073669e-04 6.469063989808178285e-04
3.809111373373870132e-04 3.808411299225915466e-04 3.809232771876737726e-04 9.980955669057410828e-01 3.808929548491580999e-04 3.808645949620031307e-04
2.011917194961458655e-02 4.748855635134123965e-04 4.749003963256627687e-04 9.779811242972321628e-01 4.748938451670939656e-04 4.750239481470550453e-04
3.350746735028215517e-01 1.046089789441927240e-03 1.046202555640666273e-03 6.607408064653849111e-01 1.046118596698398986e-03 1.046109090012395902e-03
1.905234501709047457e-01 2.971901593511887306e-04 2.971857226403744009e-04 7.873624984253640990e-01 2.122254484437324437e-02 2.971306773663539213e-04
3.615628901872005967e-04 3.615581436272448054e-04 3.615824323228985582e-04 9.981921789675503032e-01 3.615474899996012101e-04 3.615700763127810955e-04
1.128751318080256031e-03 1.128689098155574591e-03 1.128771034516755757e-03 9.943563467330324146e-01 1.128718018681709083e-03 1.128723797533157883e-03
6.917080252350357120e-04 6.916618433562289180e-04 6.916979420838471459e-04 9.965415413828653257e-01 6.917410982624444624e-04 6.916497081970299004e-04
3.616248666537049696e-04 1.664224047692175190e-01 2.792142003286551266e-01 4.728903290720151524e-03 5.337465842843329700e-01 1.552628246042039514e-02
1.829808990948650869e-04 1.829791212477405236e-04 9.990850804513471406e-01 1.829718653926548416e-04 1.829963493252886604e-04 1.829913135925935398e-04
7.964259316266279667e-04 7.963272254340932619e-04 7.963019317351950925e-04 9.960183161134370522e-01 7.962778815127925227e-04 7.963509162541771618e-04
6.642178993971567264e-04 1.623666294847570801e-01 2.340505871007280969e-01 5.906259226085353725e-02 5.431918542861188248e-01 6.641189681450434092e-04
7.164259044585170053e-04 7.163856391079018475e-04 7.163889507752536521e-04 9.964179566545348088e-01 7.164456569398740433e-04 7.163971941835719105e-04
3.564726128993089263e-04 3.564498846371631671e-04 3.564532926676192083e-04 9.731595924630451755e-01 2.541460948685092189e-02 3.564222598998380981e-04
2.820752263781059433e-04 2.820205998791968944e-04 2.820477610645702026e-04 9.985898000986433987e-01 2.820333303020474878e-04 2.820229837326789662e-04
3.154400609501486485e-01 7.658227485796127807e-04 1.787713948486034099e-01 5.034909918969170395e-01 7.657880329445618944e-04 7.659415228067657788e-04
2.463520805198863173e-03 2.463834517922509817e-03 2.463247926055243345e-03 5.958619699950611359e-01 3.942838919699883649e-01 2.463534785773810465e-03
7.164292842916444599e-04 7.163662112214767971e-04 7.164358104418368711e-04 9.964179282346957711e-01 7.164291978827080302e-04 7.164112614663891440e-04
2.732342569164499402e-03 2.732361398461965237e-03 2.732290356947298608e-03 9.863383486220242968e-01 2.732380847113374638e-03 2.732276206288708834e-03
3.232915690973664491e-01 7.354470686000449259e-03 7.355022058076713699e-03 5.667349682952922407e-01 7.354153522202172555e-03 8.790981634106199982e-02
8.621841072533173791e-03 8.620731252980172801e-03 8.621111230731467664e-03 9.568935643979130656e-01 8.621701511570240006e-03 8.621050534271904389e-03
4.174202799924257813e-04 4.173985451413698478e-04 4.174155074719016595e-04 9.979129494551719493e-01 4.174100156738289914e-04 4.174061965484577880e-04
9.562475629256165155e-04 2.575006500278922278e-02 9.562000582454501700e-04 9.704251863313612114e-01 9.561283694205361446e-04 9.561726752579121193e-04
1.517570470087657442e-01 5.088195399542229163e-04 8.410399945473816252e-03 8.383062964211194235e-01 5.087264782417652348e-04 5.087106064449983854e-04
5.087177376207870430e-04 5.087198437963219100e-04 5.087388761940389885e-04 9.974564531630812914e-01 5.086815492409443688e-04 5.086888300666386666e-04
8.887769289608499212e-02 7.215391449562449152e-04 7.216644878255506872e-04 9.082359197499869641e-01 7.215868641256425412e-04 7.215968570204202553e-04
4.856081107441180024e-03 4.854682700437061571e-03 4.855964120071569814e-03 8.489669326033907337e-01 1.316106969758384648e-01 4.855642492821191265e-03
7.719438481736826336e-04 7.717450972427316669e-04 7.717260178923270823e-04 9.961411406714736350e-01 7.717288917859108045e-04 7.717154734316494270e-04
3.526414810853429498e-04 3.526260037454602490e-04 3.526502994773266517e-04 9.982367976851884706e-01 3.526347878012370588e-04 3.526497427020671284e-04
4.448331827893793611e-02 8.093258457637294038e-04 8.092938325432847378e-04 8.092341269529747553e-04 9.522795974806788077e-01 8.092304351232886125e-04
4.986099836877681867e-04 4.985317152895005644e-04 4.985870064738265632e-04 9.975070666604940461e-01 4.985933251475475328e-04 4.986113089073442983e-04
6.243843218201612366e-01 1.358868283275505755e-03 2.877601720504501803e-01 1.358896287564723181e-03 8.377866467588408750e-02 1.359076882664115270e-03
6.306592139249580370e-04 6.305648897017381883e-04 1.014235398932951740e-02 9.873352358616185320e-01 6.306022304977829335e-04 6.305838149276473802e-04
1.650598984537148288e-03 1.650210231134903146e-03 1.650310663399059529e-03 9.917484179391627963e-01 1.650235976269600431e-03 1.650226205496401442e-03
5.897229423657433713e-04 5.896642567092080876e-04 5.896931458727791000e-04 9.970515032579593262e-01 5.897462786837044104e-04 5.896701184091033068e-04
3.735491278340619115e-01 9.749813472720271967e-04 9.749679129400755113e-04 6.225511784708556151e-01 9.749815292436678606e-04 9.747629056266763009e-04
2.852460448075264088e-04 2.852489557191635215e-04 2.852577546902708037e-04 9.985737632353856030e-01 2.852371699302102366e-04 2.852468394672979884e-04
4.344816184903591560e-01 2.042764764569582044e-04 2.042840479073903734e-04 8.333214381668829773e-02 4.716633371654273543e-01 1.011434000316073500e-02
4.240884245958058928e-03 4.237803191095547428e-03 4.239394082209288483e-03 7.854133457027926424e-01 1.976309324968307801e-01 4.237640281113690469e-03
3.853160487749910670e-04 3.852454887551678368e-04 1.551839923182746564e-02 9.620289437558601220e-01 3.853487914550570749e-04 2.129674668332725770e-02
3.805758898316691230e-01 6.553741294822996825e-04 6.553785585469322017e-04 6.168024143889974109e-01 6.555482818359249786e-04 6.553948094680351428e-04
1.625539397167121980e-01 5.861981708222899212e-04 5.862944087661562395e-04 8.351009062883000267e-01 5.863750817789096896e-04 5.862863336204724926e-04
4.300370733984282073e-04 4.299768006199391514e-04 4.300052819008696320e-04 9.978499431821807875e-01 4.299988238597896462e-04 4.300388380401850901e-04
5.509049749541747483e-04 5.507113696823475119e-04 5.508313424531269438e-04 9.972460639871528754e-01 5.507162001343629976e-04 5.507721256230778493e-04
9.210926872468620493e-04 9.208475126555534535e-04 9.209361487054623522e-04 9.953952517187446558e-01 9.209696647064699853e-04 9.209022679409684846e-04
3.149398071196160705e-04 3.148817232298398226e-04 3.149058380530200276e-04 9.984254353720392050e-01 3.149216993333685743e-04 3.149155602247684610e-04
7.164834644892948638e-04 7.164393691012345237e-04 7.164490256269974563e-04 9.964177988957753085e-01 7.164414772848582899e-04 7.163877677223624320e-04
4.705178079553157104e-04 4.704271598008291861e-04 1.150349462750274998e-01 8.830830911522618010e-01 4.704992814876949518e-04 4.705183234667603318e-04
6.003515543155195366e-04 6.002856207993328280e-04 6.003460530709560242e-04 9.969983458038141899e-01 6.003335542442712327e-04 6.003374137558671825e-04
5.220400132800753724e-04 5.220076731014028533e-04 5.220189086396589181e-04 9.449302780493651355e-01 5.219860203771792186e-04 5.298166933523647953e-02
9.485980578354396009e-01 1.305660243262463712e-03 1.305821966564029747e-03 1.305634204092477471e-03 4.617891668343263034e-02 1.305909067208822555e-03
1.346449886269739382e-01 1.079478602426136219e-04 1.079578175393783004e-04 8.649231843312676915e-01 1.079420452916290941e-04 1.079793186847958282e-04
2.146941506297028908e-03 2.146799223482661646e-03 2.146300369327990357e-03 2.146187796730946763e-03 9.892673530991759057e-01 2.146418004985509598e-03
7.488631728186664980e-04 7.486213169758638378e-04 7.487520758597373182e-04 9.962563590854910389e-01 7.485707037908492182e-04 7.488336450638461610e-04
1.976360011557417706e-03 1.976324229773783123e-03 1.976310984115487238e-03 1.969175583853832179e-01 7.951769809771347397e-01 1.976465412035343944e-03
9.891975523526864988e-02 4.535139006667966298e-04 4.535026150318384962e-04 8.992664257416320694e-01 4.534161389672893331e-04 4.533863684334167631e-04
1.514104332078123893e-01 6.071899769024986793e-02 2.688702462458303910e-01 5.174917589775511750e-01 7.542057369352366631e-04 7.543581416208814750e-04
1.322851309785690911e-03 1.322773040753743223e-03 1.322936922011028974e-03 9.933857921077410280e-01 1.322813030251655721e-03 1.322833589456811091e-03
7.599653859419140938e-04 7.601214646800379332e-04 7.600019142294147777e-04 9.962000424469534821e-01 7.599322079959787857e-04 7.599365801991681251e-04
8.092127140181655737e-04 8.091639355116308401e-04 8.091837979460345456e-04 9.959541816810326686e-01 8.091396215080366109e-04 8.091182499835153884e-04
6.113530395624975104e-04 6.113248100444567540e-04 6.113583202478957987e-04 9.969432306854280057e-01 6.113738717486250172e-04 6.113592729685106550e-04
6.114566746724881463e-04 6.113080653601046669e-04 1.451366449979958062e-01 8.524178302629098480e-01 6.114144793540316316e-04 6.113455197076073620e-04
5.166880419491592718e-04 1.959908549889888968e-02 2.531753925590538024e-01 4.655275135514569396e-02 6.796395045156563564e-01 5.165780292961324278e-04
3.010561516910190694e-01 1.340564137575645355e-03 1.340686455925242876e-03 6.318849625348229582e-01 6.303704639037140123e-02 1.340588790285658508e-03
7.375862662692624257e-04 7.375314861087958317e-04 7.375536987389547756e-04 9.963122122264430613e-01 7.375546124560961123e-04 7.375617099837945964e-04
2.828518352259606927e-04 2.828237303967607859e-04 2.828507126451044042e-04 9.985856992360192530e-01 2.828920973054996780e-04 2.828823884074667589e-04
1.597377267944477541e-01 2.609502686403235294e-02 1.425147697453025553e-01 6.172009578141389730e-01 5.430103621102690126e-02 1.504825710515002356e-04
1.038514272367444813e-01 3.360468239660624272e-04 1.191622501638034057e-02 8.832241154336186728e-01 3.361176013208801139e-04 3.360678879696182516e-04
2.796872782255492964e-04 2.796576036034316643e-04 2.796714220331583114e-04 9.986015890232134984e-01 2.797231984691323013e-04 2.796714744552453277e-04
6.869728716610963787e-04 6.868707035062658443e-04 6.869393843847900740e-04 9.965652397620531344e-01 6.868925299666687849e-04 6.870847484280066591e-04
9.947132494812496173e-01 1.057781360264318420e-03 1.057181208002956141e-03 1.057206243779167413e-03 1.057325313209218779e-03 1.057256393494739955e-03
2.773255759382606571e-04 2.773201868698607392e-04 2.773269178935590059e-04 9.986133815884667975e-01 2.773211050541193987e-04 2.773246257775147843e-04
5.247397557520890347e-04 5.247125729425922277e-04 5.247543920284626412e-04 9.973763891505535994e-01 5.246940248599576539e-04 5.247101038634547927e-04
8.333332044182253373e-01 6.227541640984009252e-02 7.014283408010998314e-04 7.013420605470631125e-04 1.022871339645349958e-01 7.014748060513889376e-04
4.986300019642151554e-04 7.022786185604933118e-02 8.388901334339529114e-01 4.985479214124725889e-04 4.986711593648063007e-04 8.938615562725613084e-02
3.951554071351310454e-02 6.150629778295013846e-04 6.151405327621409583e-04 9.580240162782514002e-01 6.150923433910158436e-04 6.151471542527889519e-04
1.162576860550635915e-01 6.076270399604861072e-04 6.076729286413203816e-04 8.813116387642799809e-01 6.076962267635424228e-04 6.076789852910795785e-04
4.473752121873519633e-04 4.472702181479288035e-04 4.474241895881967898e-04 9.977633271464787512e-01 4.472916725978343046e-04 4.473115609999487392e-04
6.388415139961927183e-03 4.495422093450752781e-04 4.492961453960680313e-04 9.918141474300736782e-01 4.492910319511514059e-04 4.493080432720842547e-04
6.511852681498718617e-04 6.511024836175918025e-04 6.511803825310823407e-04 9.967440255025438178e-01 6.512372039465194346e-04 6.512691592108985897e-04
1.458079187955173273e-03 1.457763348506282150e-03 1.457858155764159627e-03 9.927107242028831990e-01 1.457794553064743629e-03 1.457780551826313694e-03
1.322881048136414052e-03 1.322824454329913973e-03 1.322998475985068994e-03 9.933854732684855859e-01 1.322939438727829212e-03 1.322883314335092635e-03
4.319169777715143243e-04 4.319699628031608033e-04 4.319033961667430484e-04 9.449740763486450534e-01 4.318721793055932423e-04 5.329826113530802129e-02
7.118669507084783854e-01 8.803623049067003502e-04 8.804814236184999943e-04 2.846112859682647378e-01 8.804177556518301547e-04 8.805018390798119302e-04
4.105464197918778772e-04 4.105228630105923755e-04 4.105437272151209963e-04 9.979473214271156190e-01 4.105284552590103509e-04 4.105371076077539145e-04
9.043725327580723252e-04 9.042387148066680915e-04 9.043786939114597124e-04 9.954782753905744297e-01 9.043192638275048727e-04 9.044154041217806290e-04
3.723207696106435377e-04 3.723151599050647910e-04 3.723238942450048474e-04 9.981384047699146667e-01 3.723211968025078315e-04 3.723142095222010213e-04
9.470451404163440084e-04 9.473125047288799604e-04 1.346396227413260427e-01 8.615718770842616392e-01 9.471141309947449845e-04 9.470283982723129565e-04
4.534122428734319119e-04 4.534079822491219008e-04 5.090586477224603446e-01 4.891277699034235482e-01 4.534153239066846040e-04 4.533468250869864512e-04
8.157807049905069436e-04 8.157254049570530257e-04 8.157392541410196478e-04 9.959212653831991391e-01 8.157372395228736214e-04 8.157520131894999398e-04
8.843246632537385410e-02 3.808519001354326384e-04 3.809239972590377447e-04 9.100439468046429559e-01 3.809195598507356118e-04 3.808914127376819320e-04
2.355858197622866051e-04 2.355562916934283828e-04 2.355673073802942892e-04 9.988221679387850882e-01 2.355632655301356879e-04 2.355593768488613738e-04
3.723512625304876240e-04 3.723266921829698219e-04 3.723476821451313741e-04 9.981381257643716642e-01 3.724834347758131212e-04 3.723651639939782178e-04
6.511827552027688515e-04 6.510988189758534078e-04 6.512086873524177300e-04 9.967441932307740116e-01 6.511841173716697477e-04 6.511323903233395263e-04
7.215441865855655359e-04 7.215155373004963511e-04 7.215586928712335512e-04 9.963923162080933205e-01 7.215263068873787938e-04 7.215390682619646483e-04
4.617111384852066037e-04 4.617047639059245292e-04 4.618162766756132853e-04 9.976913547937018567e-01 4.617147170807383259e-04 4.616983101506872745e-04
4.638785721775325467e-04 4.638406716287937358e-04 4.638897801268524303e-04 9.976806380081322256e-01 4.638689892994174360e-04 4.638839786352097114e-04
1.035332603236101181e-03 1.035322270528180998e-03 1.035270204861707920e-03 9.948234843234295965e-01 1.035304193802356236e-03 1.035286404142108947e-03
5.418099310296753141e-04 5.417405815618596236e-04 5.417842944149918591e-04 9.972910492144397843e-01 5.418196740910622908e-04 5.417963044626619923e-04
1.810952795678502369e-01 1.154913480453759276e-03 1.154940852932245798e-03 8.142851148559566710e-01 1.154880842714014512e-03 1.154870400093127364e-03
2.735517480971751060e-04 2.735333205306007712e-04 2.735517981459761471e-04 9.986322757929035898e-01 2.735449567929465432e-04 2.735423835296217350e-04
4.937171609080260150e-04 4.936351748843482946e-04 4.937521555079714885e-04 9.975314153497719660e-01 4.937482984953452114e-04 4.937318604324035694e-04
6.869295858320853933e-04 6.869888868867473405e-04 1.771757893107861470e-02 9.795346232030863742e-01 6.869564948336077514e-04 6.869228982825275383e-04
5.388808950365723540e-04 5.388243218589588946e-04 5.388752151494146346e-04 9.973057315079875140e-01 5.388378701381867824e-04 5.388501898293357418e-04
5.167123724802860987e-04 5.165753291373998638e-04 5.166332497032506558e-04 9.974167717178942238e-01 5.166732252350585142e-04 5.166341055496342189e-04
1.358897000330860525e-03 1.358729711158624754e-03 1.358939309182870042e-03 9.932058633829623506e-01 1.358784020951034561e-03 1.358786575414319122e-03
4.192525097123545757e-04 4.191680903216557356e-04 4.192399483101472753e-04 9.979038823558940008e-01 4.192346506467525586e-04 4.192224451150075885e-04
1.154814471131408943e-03 1.154817341314510765e-03 1.154841051268120158e-03 9.942259271735872650e-01 1.154818840555562384e-03 1.154781122143037344e-03
4.375214356991095096e-04 4.375498287511629322e-04 4.375030252889071467e-04 9.978123684455566522e-01 4.375590479842100464e-04 4.374982167199191691e-04
1.078478533379284010e-01 4.554402624574054623e-04 4.554538010472022891e-04 5.057861727410332131e-01 1.385277989718389224e-02 3.716022999603500465e-01
4.887681277426172586e-04 4.888010446090206582e-04 4.888470083979468790e-04 9.975560415529207692e-01 4.887762359466134949e-04 4.887660303829689974e-04
5.087177809106937501e-04 5.088037618298386347e-04 5.087340609657392369e-04 9.974563190492892195e-01 5.087225966585319070e-04 5.087027503460578391e-04
6.113057588096014461e-04 6.112923644475389212e-04 6.113259315590545244e-04 9.969434731897407476e-01 6.112934792948505024e-04 6.113092761480144873e-04
9.746562522411718055e-01 4.337410200581303613e-04 4.337297814359476820e-04 4.337248866617950615e-04 2.360879128903294391e-02 4.337607816394692352e-04
4.841854221103019393e-04 4.840875244362365863e-04 4.841041052502171368e-04 9.975792869485002878e-01 4.841261085297550405e-04 4.842098911731357595e-04
5.663392322166897926e-04 5.665051637784787597e-04 6.769122510222838618e-03 9.909653305580606864e-01 5.663690823860449784e-04 5.663334533351618632e-04
1.631933749403843281e-01 1.168302624883503418e-03 1.168447572546027274e-03 7.850026931593593327e-01 4.829884775091510679e-02 1.168333951911729261e-03
4.889205713351504152e-04 4.888904020729120366e-04 3.819919439240672676e-01 6.160525455254362015e-01 4.888837841545792297e-04 4.888157929339456914e-04
3.944158299405227299e-04 3.943641374977469331e-04 3.944015054229091529e-04 9.980280405966767132e-01 3.943774947988843826e-04 3.944004356631993554e-04
6.965615680903770954e-04 6.967488055285301273e-04 6.966300871313503692e-04 9.965171223517338417e-01 6.964792343967276785e-04 6.964579531191987354e-04
9.747885871222624612e-04 9.748286248518205251e-04 9.747676700491462402e-04 9.951261150320214188e-01 9.747494345373608612e-04 9.747506514179199617e-04
5.476880913452633354e-04 5.476686836428620083e-04 5.476930111650800664e-04 9.972615849223412932e-01 5.476685466484774219e-04 5.476967448569331539e-04
8.093570695562096653e-04 8.090930959379050678e-04 8.093302247324800532e-04 9.959535967592038075e-01 8.091497287046322271e-04 8.094731218649753660e-04
9.748799507782346819e-04 9.746959771165186965e-04 9.747431378526527157e-04 9.951261642633665305e-01 9.747682988883934075e-04 9.747483719976169541e-04
9.654284490209970879e-04 9.653180661153262700e-04 9.653385703504873717e-04 9.951730441383325187e-01 9.654678934103096176e-04 9.654028827702546521e-04
5.087309709881784143e-04 5.086643518298317960e-04 5.087255485882825673e-04 9.974564678236812476e-01 5.087115195227649928e-04 5.086997853895751419e-04
8.159193289929113834e-04 8.156971042935188014e-04 8.157856349592083368e-04 9.959210110746793410e-01 8.157664439958635079e-04 8.158204130792616384e-04
3.090409506702292337e-04 3.090352328010861189e-04 3.090455599568357617e-04 9.984548019902611538e-01 3.090387590065720889e-04 3.090375073041992616e-04
5.247132960526374856e-04 5.246827974505632137e-04 5.247016218042462521e-04 9.973765045034033161e-01 5.247011091338032616e-04 5.246966721554163467e-04
6.869902266529369318e-04 6.868364821010326197e-04 6.869068842807564065e-04 9.965654929092567782e-01 6.868961343760736273e-04 6.868773633322342162e-04
1.976480544831143386e-03 1.976383118357006446e-03 1.976335700275094493e-03 3.436491903709472107e-01 6.484449733121501191e-01 1.976636953439483545e-03
7.430952179563303246e-04 7.432711858346149414e-04 7.430888726493520150e-04 9.962844021730813404e-01 7.429984360612665534e-04 7.431441144169782234e-04
7.113778756314534293e-04 7.112778519101874272e-04 7.113263429801876259e-04 9.964433548512630079e-01 7.113088864410012369e-04 7.113541917740570089e-04
1.256400483645318420e-03 1.256326881043822634e-03 1.256375960151139915e-03 9.937174847241957432e-01 1.256523005683795073e-03 1.256888945280148053e-03
3.081492513649030881e-04 3.081096385071679694e-04 3.081239241326388933e-04 9.984592982504868486e-01 3.081953692222818035e-04 3.081235662861166224e-04
4.263956639636065204e-04 4.263426685223692630e-04 9.747891039066398922e-02 9.008156661628944351e-01 4.263305995285520669e-04 4.263545144271037161e-04
5.418731560585214732e-04 5.418030078644010686e-04 2.089415903345133094e-02 9.769385827054345439e-01 5.418043764760164908e-04 5.417777207150112307e-04
6.158898044554658030e-02 2.868924123010907143e-02 5.036653145807605666e-04 9.082108339300695166e-01 5.035900936588950331e-04 5.036889860349991676e-04
1.396936313026560282e-03 1.396966185853703007e-03 1.396981999048767156e-03 9.930154663667517534e-01 1.396812480238996670e-03 1.396836655080075946e-03
9.653944317399743447e-04 9.652965944355599475e-04 9.653506507491996626e-04 9.951732498896335155e-01 9.653430891156293894e-04 9.653653443261178951e-04
9.042906164166885025e-04 9.041683912951999167e-04 9.042370416626371084e-04 9.954787947747649746e-01 9.042495038069768044e-04 9.042596720535971567e-04
1.024691208351656124e-03 1.024659758590889787e-03 1.024665638922894100e-03 9.948765837908629672e-01 1.024726298564807968e-03 1.024673304706822307e-03
2.659656888970521153e-03 1.027974629380036115e-01 2.659861181333798147e-03 8.865636899109080593e-01 2.659636075489770629e-03 2.659693005294320404e-03
1.548111095215680844e-03 1.548016670593175973e-03 1.548163883014464469e-03 3.743546676898996672e-01 6.194530437835494840e-01 1.547996877727626742e-03
9.434077077992882032e-03 9.433974361662081712e-03 9.433989351786090105e-03 9.528300070514930109e-01 9.433983868890116059e-03 9.433968288175709899e-03
7.963396711319397081e-01 5.664523347009382467e-04 6.318622538916381093e-02 5.663613762396948158e-04 5.663555956716840104e-04 1.387749341722842311e-01
4.985800292039777645e-04 4.985295084365739269e-04 4.985622018137331798e-04 9.975071758365987584e-01 4.985853401404440879e-04 4.985670838065183645e-04
1.572937927267466099e-03 1.572469671814598260e-03 1.572631559911769408e-03 9.738154304233724856e-01 1.989375548067656360e-02 1.572774936957170577e-03
6.080490228045055678e-01 1.303721789269490609e-02 1.068533447074858670e-03 5.673993064459989522e-02 3.200367107627704044e-01 1.068584448354320060e-03
1.068755602033744046e-03 1.068545027332793102e-03 7.958868015374398475e-02 9.161367498950236943e-01 1.068528529176215013e-03 1.068740792689582475e-03
2.275872827663055487e-01 9.471424301556006934e-04 9.472661095686895098e-04 7.236805267162753630e-01 4.589045933407556038e-02 9.473226436192839616e-04
2.087166823747672595e-01 7.776522282449897360e-04 7.777646949541537017e-04 7.472522663124318010e-01 7.777186548082287406e-04 4.169791573479347813e-02
3.655693672139345490e-04 3.655602005571423623e-04 3.655676285874171079e-04 9.981720887288291211e-01 3.656296101920781996e-04 3.655844646201355120e-04
7.164259044585170053e-04 7.163856391079018475e-04 7.163889507752536521e-04 9.964179566545348088e-01 7.164456569398740433e-04 7.163971941835719105e-04
7.441106255145596426e-02 7.716638324165358892e-04 7.717530041844094602e-04 9.225020278648710104e-01 7.717380825474026186e-04 7.717546645245957617e-04
3.294433224759211933e-04 1.308844955332408300e-02 3.294697746657067306e-04 9.855937697071612824e-01 3.294479784370316099e-04 3.294196639359118486e-04
4.837704733397783785e-02 3.723862108477270227e-04 3.723782287099488522e-04 9.256047070824947598e-01 2.490113704625769933e-02 3.723440977119685464e-04
5.359888640731352459e-04 5.359447225578645646e-04 5.359601398316135579e-04 9.973200656671101783e-01 5.359607537828917209e-04 5.360798526443719516e-04
1.057383908640241238e-03 1.057180753877056713e-03 1.057377446326828547e-03 9.947135407104396032e-01 1.057268380406599113e-03 1.057248800309620656e-03
7.164323827009633954e-04 7.164475685868070248e-04 7.164902864863942518e-04 9.964177931297290014e-01 7.163785482050753469e-04 7.164580842916689176e-04
9.595416963249017717e-02 5.663578826695346569e-04 5.663661688241076932e-04 8.786963719604520273e-01 2.365018056840155827e-02 5.665537871625260470e-04
